62
64
100
82
100
100
91
100
100
40
100
100
100
94
100
100
100
94
100
67
100
100
69
100
100
96
63
100
100
100
100
90
94
100
100
100
100
100
100
96
73
52
100
51
92
19
100
70
100
100
56
35
100
100
87
94
100
100
100
100
100
100
100
48
100
55
100
100
100
92
100
84
100
100
100
100
100
86
78
100
100
100
78
89
100
70
100
100
100
100
100
100
63
86
64
69
70
60
84
100
100
86
100
100
70
38
100
100
100
67
100
100
100
76
56
100
100
100
80
100
100
94
100
74
100
100
100
100
41
100
81
100
78
100
100
100
28
100
100
100
100
100
96
45
100
100
74
65
100
100
100
100
83
87
100
100
100
100
75
77
87
91
89
100
40
100
83
21
100
100
66
75
72
100
100
100
83
100
100
100
100
100
55
100
100
100
56
100
100
83
100
100
100
100
94
100
53
100
98
100
100
73
76
100
100
100
100
77
100
100
100
71
84
65
100
100
100
100
100
100
100
100
71
100
100
100
63
100
100
100
100
100
89
100
100
92
100
57
75
34
69
100
84
100
100
75
80
68
100
100
100
100
100
57
100
76
100
96
83
100
100
100
96
59
100
81
100
100
100
100
70
100
100
100
100
100
89
40
100
100
100
98
100
100
100
100
82
100
94
92
100
100
84
100
81
100
100
100
100
100
100
75
100
100
92
38
100
90
68
60
100
80
75
83
91
94
100
100
100
100
95
100
88
78
100
98
100
100
100
41
100
100
100
100
57
100
100
100
100
100
100
100
84
100
100
100
100
36
91
100
100
77
100
67
70
100
82
100
100
100
100
100
100
100
100
69
69
100
100
100
71
55
100
67
88
100
57
72
56
100
100
100
48
100
40
100
74
100
87
100
100
73
69
100
100
99
56
92
85
100
100
70
100
100
92
75
82
85
89
100
73
100
73
100
69
34
100
100
49
69
100
29
100
50
100
100
91
61
66
100
100
100
100
74
100
100
96
100
100
100
100
100
100
100
99
100
100
49
100
100
100
100
100
100
100
72
100
88
80
50
100
100
65
100
100
84
97
100
37
100
100
100
100
67
69
21
89
100
98
100
100
100
78
100
100
100
100
100
100
100
87
77
100
100
100
100
79
100
100
100
100
82
90
100
68
88
23
100
100
100
50
100
100
91
62
67
100
100
55
100
63
100
100
59
100
100
70
95
100
82
82
100
100
100
100
70
100
100
100
75
100
100
100
65
100
86
90
100
100
100
66
100
100
54
100
100
100
100
100
100
100
100
100
100
47
100
24
100
100
100
70
97
100
47
100
100
46
100
92
100
72
100
58
91
90
100
67
82
21
100
100
100
35
100
100
100
100
100
100
80
100
100
100
75
100
97
58
100
77
70
74
100
100
76
100
88
98
82
100
45
100
100
100
100
100
100
100
100
56
63
79
100
100
100
61
100
100
100
94
87
25
79
74
91
100
100
98
100
84
100
100
100
95
100
100
90
88
71
100
100
100
95
100
27
99
100
26
100
100
65
100
35
100
100
100
100
38
100
100
100
60
100
100
47
100
100
100
100
100
68
100
100
100
100
100
100
86
100
48
69
100
100
62
100
58
100
48
100
100
100
100
91
100
100
63
100
100
100
100
50
100
100
100
69
100
100
100
100
16
100
100
97
100
100
79
100
66
100
86
100
100
100
100
100
30
100
100
100
100
100
89
67
43
100
100
71
100
85
100
100
100
100
100
83
100
100
93
97
69
97
100
100
50
100
100
100
51
53
85
71
100
100
68
100
100
100
100
100
100
74
7
82
100
100
100
65
92
92
70
100
100
100
87
95
57
100
70
100
100
79
100
100
80
100
70
100
100
100
100
100
100
100
98
79
96
82
100
90
100
100
93
87
96
24
69
100
100
100
58
100
100
100
59
100
100
100
100
100
63
53
50
65
70
62
100
100
100
100
78
100
100
100
64
100
100
100
100
100
100
100
100
100
64
66
77
100
100
100
100
100
100
100
58
100
100
70
100
79
61
100
100
95
100
86
100
100
100
93
100
78
100
83
100
100
100
41
100
67
98
63
100
94
100
100
57
74
59
97
100
100
100
100
80
100
100
96
96
100
100
95
100
68
100
88
77
89
100
87
100
100
80
60
100
90
100
100
100
98
100
88
100
77
100
100
80
100
58
100
88
66
81
74
100
88
100
100
68
54
69
100
100
88
100
100
100
100
100
100
100
30
100
100
100
97
23
83
95
80
58
100
100
100
100
100
93
100
100
100
100
100
100
100
82
76
100
70
100
100
92
89
100
52
95
58
100
100
52
100
97
57
93
90
100
41
100
100
67
100
100
52
100
93
68
100
100
100
100
82
25
100
100
100
100
69
82
100
100
100
80
50
77
100
100
100
100
100
100
59
59
43
100
94
64
88
100
100
100
100
100
90
100
95
100
73
100
100
100
100
75
64
100
7
100
100
100
100
100
100
100
100
64
100
100
100
100
100
88
100
100
78
93
100
100
100
100
100
100
100
100
100
100
100
100
100
100
45
100
78
66
84
100
100
100
82
100
100
100
100
80
100
100
100
86
100
100
100
100
100
100
55
100
100
90
100
100
100
100
100
100
100
100
100
100
100
75
100
100
27
95
90
100
100
100
100
100
90
98
100
100
100
100
100
90
76
79
80
100
72
76
91
100
100
100
100
58
100
100
100
85
99
100
100
73
100
56
100
81
100
100
100
100
84
100
60
100
100
100
85
65
98
100
100
100
95
100
100
100
100
28
100
100
60
100
95
66
100
75
100
74
100
100
100
100
92
100
100
100
100
35
92
100
87
100
100
100
60
100
86
100
70
100
100
100
100
100
100
100
100
79
100
75
72
75
100
63
80
100
100
87
64
100
91
19
100
100
100
78
93
100
100
86
100
100
88
79
100
100
69
55
100
100
100
100
100
100
100
83
89
61
100
100
100
100
100
93
28
100
100
100
100
100
83
100
46
88
74
100
100
100
100
100
100
100
100
100
100
100
100
45
100
70
100
100
80
100
99
100
65
100
60
100
100
99
71
100
98
100
100
23
84
100
100
78
62
64
100
82
100
100
91
100
100
40
100
100
100
94
100
100
100
94
100
67
100
100
69
100
100
96
63
100
100
100
100
90
94
100
100
100
100
100
100
96
73
52
100
51
92
19
100
70
100
100
56
35
100
100
87
94
100
100
100
100
100
100
100
48
100
55
100
100
100
92
100
84
100
100
100
100
100
86
78
100
100
100
78
89
100
70
100
100
100
100
100
100
63
86
64
69
70
60
84
100
100
86
100
100
70
38
100
100
100
67
100
100
100
76
56
100
100
100
80
100
100
94
100
74
100
100
100
100
41
100
81
100
78
100
100
100
28
100
100
100
100
100
96
45
100
100
74
65
100
100
100
100
83
87
100
100
100
100
75
77
87
91
89
100
40
100
83
21
100
100
66
75
72
100
100
100
83
100
100
100
100
100
55
100
100
100
56
100
100
83
100
100
100
100
94
100
53
100
98
100
100
73
76
100
100
100
100
77
100
100
100
71
84
65
100
100
100
100
100
100
100
100
71
100
100
100
63
100
100
100
100
100
89
100
100
92
100
57
75
34
69
100
84
100
100
75
80
68
100
100
100
100
100
57
100
76
100
96
83
100
100
100
96
59
100
81
100
100
100
100
70
100
100
100
100
100
89
40
100
100
100
98
100
100
100
100
82
100
94
92
100
100
84
100
81
100
100
100
100
100
100
75
100
100
92
38
100
90
68
60
100
80
75
83
91
94
100
100
100
100
95
100
88
78
100
98
100
100
100
41
100
100
100
100
57
100
100
100
100
100
100
100
84
100
100
100
100
36
91
100
100
77
100
67
70
100
82
100
100
100
100
100
100
100
100
69
69
100
100
100
71
55
100
67
88
100
57
72
56
100
100
100
48
100
40
100
74
100
87
100
100
73
69
100
100
99
56
92
85
100
100
70
100
100
92
75
82
85
89
100
73
100
73
100
69
34
100
100
49
69
100
29
100
50
100
100
91
61
66
100
100
100
100
74
100
100
96
100
100
100
100
100
100
100
99
100
100
49
100
100
100
100
100
100
100
72
100
88
80
50
100
100
65
100
100
84
97
100
37
100
100
100
100
67
69
21
89
100
98
100
100
100
78
100
100
100
100
100
100
100
87
77
100
100
100
100
79
100
100
100
100
82
90
100
68
88
23
100
100
100
50
100
100
91
62
67
100
100
55
100
63
100
100
59
100
100
70
95
100
82
82
100
100
100
100
70
100
100
100
75
100
100
100
65
100
86
90
100
100
100
66
100
100
54
100
100
100
100
100
100
100
100
100
100
47
100
24
100
100
100
70
97
100
47
100
100
46
100
92
100
72
100
58
91
90
100
67
82
21
100
100
100
35
100
100
100
100
100
100
80
100
100
100
75
100
97
58
100
77
70
74
100
100
76
100
88
98
82
100
45
100
100
100
100
100
100
100
100
56
63
79
100
100
100
61
100
100
100
94
87
25
79
74
91
100
100
98
100
84
100
100
100
95
100
100
90
88
71
100
100
100
95
100
27
99
100
26
100
100
65
100
35
100
100
100
100
38
100
100
100
60
100
100
47
100
100
100
100
100
68
100
100
100
100
100
100
86
100
48
69
100
100
62
100
58
100
48
100
100
100
100
91
100
100
63
100
100
100
100
50
100
100
100
69
100
100
100
100
16
100
100
97
100
100
79
100
66
100
86
100
100
100
100
100
30
100
100
100
100
100
89
67
43
100
100
71
100
85
100
100
100
100
100
83
100
100
93
97
69
97
100
100
50
100
100
100
51
53
85
71
100
100
68
100
100
100
100
100
100
74
7
82
100
100
100
65
92
92
70
100
100
100
87
95
57
100
70
100
100
79
100
100
80
100
70
100
100
100
100
100
100
100
98
79
96
82
100
90
100
100
93
87
96
24
69
100
100
100
58
100
100
100
59
100
100
100
100
100
63
53
50
65
70
62
100
100
100
100
78
100
100
100
64
100
100
100
100
100
100
100
100
100
64
66
77
100
100
100
100
100
100
100
58
100
100
70
100
79
61
100
100
95
100
86
100
100
100
93
100
78
100
83
100
100
100
41
100
67
98
63
100
94
100
100
57
74
59
97
100
100
100
100
80
100
100
96
96
100
100
95
100
68
100
88
77
89
100
87
100
100
80
60
100
90
100
100
100
98
100
88
100
77
100
100
80
100
58
100
88
66
81
74
100
88
100
100
68
54
69
100
100
88
100
100
100
100
100
100
100
30
100
100
100
97
23
83
95
80
58
100
100
100
100
100
93
100
100
100
100
100
100
100
82
76
100
70
100
100
92
89
100
52
95
58
100
100
52
100
97
57
93
90
100
41
100
100
67
100
100
52
100
93
68
100
100
100
100
82
25
100
100
100
100
69
82
100
100
100
80
50
77
100
100
100
100
100
100
59
59
43
100
94
64
88
100
100
100
100
100
90
100
95
100
73
100
100
100
100
75
64
100
7
100
100
100
100
100
100
100
100
64
100
100
100
100
100
88
100
100
78
93
100
100
100
100
100
100
100
100
100
100
100
100
100
100
45
100
78
66
84
100
100
100
82
100
100
100
100
80
100
100
100
86
100
100
100
100
100
100
55
100
100
90
100
100
100
100
100
100
100
100
100
100
100
75
100
100
27
95
90
100
100
100
100
100
90
98
100
100
100
100
100
90
76
79
80
100
72
76
91
100
100
100
100
58
100
100
100
85
99
100
100
73
100
56
100
81
100
100
100
100
84
100
60
100
100
100
85
65
98
100
100
100
95
100
100
100
100
28
100
100
60
100
95
66
100
75
100
74
100
100
100
100
92
100
100
100
100
35
92
100
87
100
100
100
60
100
86
100
70
100
100
100
100
100
100
100
100
79
100
75
72
75
100
63
80
100
100
87
64
100
91
19
100
100
100
78
93
100
100
86
100
100
88
79
100
100
69
55
100
100
100
100
100
100
100
83
89
61
100
100
100
100
100
93
28
100
100
100
100
100
83
100
46
88
74
100
100
100
100
100
100
100
100
100
100
100
100
45
100
70
100
100
80
100
99
100
65
100
60
100
100
99
71
100
98
100
100
23
84
100
100
78